27.767857
27.767857
25.491803
25.491803
28.272727
25.491803
28.272727
25.491803
26.355932
28.272727
28.272727
31.1
28.796296
28.796296
25.916667
28.796296
24.296875
32.395833
32.395833
29.339623
29.903846
32.395833
24.68254
24.68254
29.903846
27.280702
33.085106
27.767857
27.767857
31.1
31.734694
35.340909
28.796296
29.339623
28.796296
28.796296
21.30137
29.339623
26.810345
26.810345
29.339623
26.810345
26.810345
27.280702
33.085106
27.280702
30.490196
30.490196
27.280702
27.767857
30.490196
31.1
28.272727
22.214286
28.272727
34.555556
25.916667
22.214286
34.555556
23.923077
25.916667
23.923077
23.923077
25.491803
31.1
28.272727
31.1
25.916667
31.734694
23.923077
27.767857
25.916667
24.296875
23.208955
25.080645
27.280702
29.903846
27.280702
27.280702
33.804348
29.903846
29.903846
33.804348
27.280702
30.490196
29.903846
27.280702
27.280702
32.395833
26.810345
32.395833
29.339623
27.767857
23.208955
18.73494
27.280702
27.280702
30.490196
23.208955
25.080645
23.208955
33.804348
29.903846
27.280702
25.491803
25.080645
25.080645
33.804348
30.490196
24.296875
26.355932
32.395833
32.395833
28.796296
28.796296
32.395833
29.339623
24.296875
28.272727
31.1
25.491803
26.810345
24.68254
24.68254
26.810345
26.355932
26.810345
31.734694
31.734694
24.68254
24.68254
24.68254
25.080645
26.810345
26.810345
21.013514
19.935897
12.34127
7.622549
12.642276
7.199074
10.163399
8.056995
9.093567
9.658385
9.040698
8.056995
7.440191
7.622549
11.433824
10.650685
9.040698
7.622549
10.230263
11.433824
15.55
11.870229
13.521739
18.294118
15.707071
18.511905
16.368421
14.809524
14.809524
9.967949
7.853535
7.475962
7.300469
6.973094
7.100457
8.785311
12.44
14.951923
13.405172
14.669811
14.009009
17.277778
17.087912
14.009009
29.339623
27.280702
22.867647
27.280702
29.339623
26.810345
19.683544
24.68254
21.30137
28.796296
26.355932
24.296875
32.395833
31.734694
36.162791
26.355932
28.796296
30.490196
33.804348
27.767857
27.280702
25.080645
26.355932
26.355932
28.796296
23.923077
28.796296
28.796296
28.796296
39.871795
31.1
28.272727
28.272727
23.923077
31.734694
28.796296
26.355932
31.734694
26.355932
28.796296
23.208955
29.903846
29.339623
32.395833
28.272727
28.272727
31.734694
28.796296
28.272727
25.916667
31.734694
22.214286
28.796296
28.272727
35.340909
23.923077
31.734694
28.272727
31.734694
28.796296
25.916667
28.796296
28.272727
35.340909
25.916667
27.280702
29.903846
29.903846
36.162791
29.339623
26.810345
32.395833
32.395833
24.68254
32.395833
19.4375
22.214286
32.395833
29.339623
31.734694
24.296875
28.796296
26.355932
31.734694
26.355932
28.796296
24.296875
24.296875
22.536232
25.491803
28.272727
20.460526
28.272727
16.030928
16.902174
17.873563
18.081395
17.873563
18.963415
19.197531
19.197531
18.963415
16.030928
15.245098
16.902174
16.902174
16.030928
15.867347
18.081395
15.245098
16.902174
17.873563
18.963415
17.873563
18.511905
22.867647
21.30137
18.511905
21.30137
17.47191
18.73494
21.30137
19.683544
26.810345
29.339623
24.68254
22.867647
19.935897
21.30137
21.30137
19.935897
12.745902
12.34127
14.009009
12.85124
14.009009
17.087912
14.009009
14.669811
17.277778
18.511905
21.013514
19.683544
21.013514
26.355932
26.810345
29.339623
22.867647
29.339623
26.810345
26.810345
26.810345
26.810345
29.339623
25.916667
28.272727
28.272727
34.555556
25.916667
34.555556
28.272727
31.1
28.272727
25.916667
31.734694
25.916667
28.272727
28.796296
23.560606
32.395833
29.339623
26.810345
30.490196
23.208955
23.560606
26.810345
32.395833
24.296875
29.339623
29.339623
24.296875
24.296875
28.272727
28.272727
28.272727
22.214286
22.214286
23.208955
28.272727
23.560606
25.916667
25.491803
31.1
28.796296
28.272727
28.272727
27.767857
25.916667
28.272727
23.923077
25.916667
31.1
28.272727
28.272727
31.734694
31.1
31.1
27.767857
25.491803
34.555556
31.1
25.916667
28.272727
27.767857
31.1
28.272727
28.272727
25.491803
28.272727
28.272727
28.272727
24.68254
29.339623
32.395833
27.280702
29.903846
30.490196
27.280702
27.280702
27.280702
29.903846
30.490196
27.280702
27.280702
27.280702
23.560606
28.272727
23.560606
27.767857
28.272727
27.767857
28.272727
30.490196
34.555556
27.767857
28.272727
27.767857
30.490196
30.490196
25.491803
27.767857
23.560606
30.490196
27.767857
30.490196
30.490196
27.767857
30.490196
27.767857
25.491803
25.491803
26.355932
23.923077
25.916667
28.272727
28.796296
26.355932
33.085106
23.208955
23.560606
25.491803
34.555556
25.491803
34.555556
31.734694
31.734694
23.923077
31.1
32.395833
26.355932
26.355932
31.734694
32.395833
33.085106
29.903846
22.867647
26.810345
27.280702
26.810345
26.810345
23.923077
22.214286
28.272727
25.916667
28.272727
26.810345
26.810345
22.867647
25.491803
27.767857
25.491803
27.280702
32.395833
33.804348
29.903846
29.339623
25.916667
26.355932
26.355932
29.339623
29.339623
26.355932
26.810345
33.085106
25.080645
25.080645
28.796296
25.916667
27.280702
23.208955
34.555556
27.767857
27.280702
23.208955
25.080645
29.903846
31.1
26.355932
28.796296
32.395833
29.339623
27.767857
27.767857
27.280702
30.490196
20.460526
20.460526
31.734694
28.796296
28.272727
25.916667
29.339623
29.339623
28.796296
26.355932
31.734694
23.923077
26.355932
24.296875
28.796296
21.013514
22.536232
19.683544
26.355932
36.162791
31.734694
26.355932
31.734694
24.296875
26.355932
24.296875
28.796296
26.355932
28.796296
28.796296
29.339623
28.796296
29.339623
29.339623
28.796296
29.339623
31.734694
31.734694
28.796296
31.734694
25.916667
31.734694
28.796296
31.734694
26.355932
23.923077
28.796296
28.796296
31.734694
31.734694
28.796296
33.804348
37.926829
23.208955
37.926829
27.767857
37.926829
33.085106
25.080645
30.490196
27.767857
31.1
27.280702
30.490196
31.1
30.490196
25.916667
27.280702
37.02381
27.767857
31.1
30.490196
25.491803
33.804348
30.490196
36.162791
26.355932
28.272727
28.796296
28.796296
31.734694
31.734694
31.734694
25.916667
31.734694
40.921053
26.355932
28.796296
26.355932
31.734694
28.272727
25.916667
28.272727
28.272727
31.1
28.272727
27.767857
23.560606
31.1
31.1
27.767857
34.555556
28.272727
27.280702
33.804348
30.490196
30.490196
30.490196
30.490196
30.490196
25.080645
33.804348
27.767857
30.490196
33.804348
33.804348
30.490196
33.804348
35.340909
31.734694
31.734694
31.734694
32.395833
26.355932
32.395833
31.734694
32.395833
31.734694
31.734694
36.162791
28.272727
31.734694
33.804348
27.280702
29.903846
27.280702
27.280702
29.903846
30.490196
29.903846
25.080645
27.280702
27.280702
27.767857
29.903846
33.804348
33.804348
27.767857
27.280702
27.280702
29.903846
29.903846
23.208955
33.804348
27.280702
29.903846
29.903846
37.926829
27.280702
33.085106
27.280702
30.490196
25.491803
29.903846
27.767857
30.490196
27.280702
33.804348
29.903846
29.903846
27.767857
33.804348
27.280702
27.767857
30.490196
30.490196
29.903846
28.796296
33.804348
28.796296
33.804348
28.796296
31.734694
26.355932
31.734694
28.796296
28.796296
28.796296
26.355932
22.214286
31.734694
31.734694
29.339623
29.339623
37.02381
29.339623
29.903846
27.280702
33.085106
33.085106
29.903846
29.903846
31.734694
25.491803
31.734694
31.734694
31.734694
31.734694
31.734694
23.560606
33.804348
31.1
25.491803
23.208955
31.1
27.767857
30.490196
27.767857
26.355932
35.340909
28.796296
31.734694
35.340909
25.916667
31.734694
28.796296
25.916667
31.734694
28.796296
28.272727
31.734694
28.796296
31.734694
25.916667
25.916667
26.355932
31.734694
28.796296
28.272727
28.272727
26.355932
25.916667
35.340909
31.1
31.734694
28.796296
32.395833
28.272727
36.162791
28.272727
26.355932
31.734694
28.796296
31.734694
31.734694
26.355932
25.916667
28.796296
28.796296
31.734694
28.796296
35.340909
25.916667
28.796296
35.340909
28.272727
28.796296
28.796296
23.923077
23.923077
31.734694
28.796296
31.734694
31.734694
28.796296
28.796296
23.923077
28.272727
31.1
25.916667
35.340909
31.1
28.272727
31.1
28.272727
28.796296
28.272727
31.734694
31.734694
31.1
28.272727
23.923077
25.916667
34.555556
31.734694
31.1
28.272727
25.916667
31.1
28.272727
34.555556
28.272727
28.272727
34.555556
31.734694
26.355932
28.796296
36.162791
28.796296
32.395833
26.355932
36.162791
29.339623
32.395833
33.085106
33.804348
27.280702
27.280702
33.085106
33.085106
29.903846
37.926829
33.804348
33.085106
27.280702
33.085106
25.080645
27.280702
33.085106
30.490196
29.903846
29.903846
33.085106
37.02381
29.903846
33.085106
27.280702
25.080645
33.085106
26.810345
35.340909
31.734694
28.796296
28.272727
31.734694
31.1
31.1
26.355932
31.734694
31.734694
35.340909
31.734694
35.340909
35.340909
31.1
28.796296
28.796296
31.734694
31.1
34.555556
31.734694
28.796296
28.272727
27.767857
30.490196
30.490196
29.903846
33.085106
30.490196
29.903846
33.804348
29.903846
33.085106
25.080645
33.085106
27.280702
33.085106
27.280702
32.395833
29.339623
26.810345
32.395833
29.903846
29.903846
27.280702
33.085106
29.903846
33.804348
29.903846
32.395833
29.339623
29.339623
29.339623
37.02381
29.339623
29.339623
26.810345
28.796296
31.734694
28.796296
32.395833
28.796296
36.162791
24.296875
26.355932
28.796296
26.810345
32.395833
28.796296
32.395833
28.796296
28.796296
28.796296
37.926829
30.490196
30.490196
27.767857
27.767857
27.767857
30.490196
27.767857
31.1
25.916667
34.555556
23.560606
27.767857
27.767857
34.555556
27.767857
28.272727
25.491803
31.1
31.1
25.916667
30.490196
34.555556
31.1
28.272727
31.1
34.555556
30.490196
31.1
25.491803
35.340909
28.272727
34.555556
31.1
31.1
28.272727
29.903846
23.208955
25.080645
25.080645
29.339623
33.085106
29.339623
29.339623
29.903846
25.916667
27.767857
30.490196
30.490196
15.55
22.867647
19.683544
18.081395
21.901408
19.197531
22.214286
20.460526
17.873563
19.197531
17.47191
19.935897
19.683544
18.294118
14.009009
12.745902
15.39604
10.506757
12.745902
12.642276
13.883929
13.290598
20.460526
20.194805
20.460526
20.194805
18.081395
15.245098
16.030928
18.963415
15.867347
15.097087
13.177966
13.067227
13.640351
13.761062
12.054264
15.097087
14.398148
17.47191
17.47191
16.542553
22.536232
22.536232
22.536232
19.683544
21.013514
17.873563
15.245098
14.398148
15.39604
13.405172
18.294118
13.405172
17.47191
16.197917
12.244094
12.85124
12.244094
17.670455
17.087912
12.244094
15.39604
16.368421
12.85124
11.518519
16.030928
14.398148
15.867347
15.867347
16.72043
15.097087
14.398148
16.72043
18.73494
17.670455
18.963415
18.73494
16.72043
17.873563
16.72043
12.958333
12.85124
16.368421
13.405172
14.951923
17.873563
15.245098
17.873563
14.809524
14.809524
13.521739
14.809524
16.72043
17.873563
16.72043
17.670455
17.873563
15.867347
14.398148
13.761062
15.867347
16.030928
16.72043
16.72043
15.097087
17.873563
15.097087
18.73494
15.867347
18.511905
16.542553
16.542553
16.542553
21.597222
18.73494
18.73494
17.47191
15.707071
16.542553
15.707071
16.72043
16.72043
16.542553
18.73494
16.542553
18.511905
13.640351
15.707071
14.951923
14.951923
15.867347
18.511905
17.47191
15.707071
16.542553
15.707071
17.47191
15.707071
19.935897
17.47191
18.511905
17.47191
19.4375
21.30137
15.707071
14.266055
18.511905
19.935897
18.511905
19.935897
18.73494
19.935897
18.511905
17.47191
18.73494
19.935897
15.707071
16.542553
15.39604
15.39604
18.081395
16.197917
19.4375
18.294118
17.277778
16.902174
16.902174
18.73494
18.73494
15.867347
15.097087
15.097087
16.902174
15.707071
14.951923
16.542553
15.55
14.136364
16.368421
14.266055
17.670455
16.72043
18.73494
18.73494
17.873563
17.873563
17.873563
20.194805
18.73494
23.560606
18.294118
16.368421
19.4375
24.296875
18.511905
17.277778
18.511905
15.55
18.511905
15.55
19.683544
15.867347
17.670455
15.097087
14.951923
14.266055
14.266055
15.707071
16.542553
16.72043
12.44
29.903846
29.903846
27.280702
27.280702
22.867647
33.085106
30.490196
27.280702
27.280702
25.080645
27.767857
23.208955
23.208955
22.867647
17.670455
18.73494
30.490196
27.767857
25.916667
30.490196
30.490196
27.767857
30.490196
37.926829
30.490196
30.490196
27.767857
33.804348
34.555556
30.490196
25.080645
34.555556
30.490196
33.804348
34.555556
30.490196
27.767857
33.804348
37.926829
37.926829
37.926829
33.804348
33.085106
29.903846
33.085106
29.903846
33.804348
27.280702
33.085106
33.085106
29.903846
37.926829
29.903846
30.490196
37.02381
29.903846
33.085106
25.080645
29.903846
29.903846
37.02381
33.085106
27.280702
33.085106
29.903846
27.280702
30.490196
27.767857
30.490196
37.926829
27.280702
27.280702
25.080645
27.280702
29.903846
24.68254
25.916667
28.796296
31.1
28.272727
31.1
28.272727
34.555556
31.1
29.903846
32.395833
32.395833
36.162791
26.810345
27.280702
32.395833
29.903846
29.903846
29.903846
32.395833
33.085106
24.68254
29.903846
26.810345
32.395833
32.395833
32.395833
25.080645
25.080645
27.280702
33.085106
22.867647
22.867647
29.903846
29.903846
25.916667
21.901408
24.296875
24.296875
24.296875
22.536232
32.395833
32.395833
29.339623
32.395833
24.296875
18.294118
17.277778
17.277778
15.55
22.214286
24.296875
22.214286
24.296875
18.294118
22.867647
21.30137
16.542553
15.707071
18.511905
19.935897
21.013514
17.47191
21.901408
16.030928
19.197531
18.963415
18.294118
19.197531
20.733333
21.901408
19.197531
17.873563
20.460526
18.081395
16.197917
13.883929
9.779874
10.436242
9.779874
6.880531
6.42562
5.980769
12.958333
5.867925
9.598765
10.650685
12.958333
10.650685
10.650685
13.521739
21.30137
21.013514
18.511905
27.280702
26.810345
29.339623
24.68254
29.339623
26.810345
18.511905
19.935897
21.30137
22.867647
18.511905
21.013514
22.867647
22.867647
29.339623
32.395833
24.68254
24.68254
29.339623
32.395833
26.810345
29.903846
26.810345
26.810345
29.339623
26.810345
26.810345
32.395833
32.395833
29.339623
26.355932
29.339623
29.339623
26.810345
26.810345
24.68254
24.68254
26.810345
32.395833
29.903846
29.903846
26.810345
26.810345
29.339623
26.810345
24.68254
29.339623
32.395833
29.903846
26.810345
25.916667
35.340909
31.1
27.767857
31.734694
25.916667
28.796296
28.796296
26.355932
31.734694
31.734694
31.734694
31.734694
28.796296
28.796296
31.734694
25.080645
30.490196
30.490196
31.1
31.1
34.555556
27.767857
25.916667
33.804348
30.490196
31.1
31.1
30.490196
33.085106
30.490196
30.490196
25.080645
27.767857
29.903846
33.085106
33.804348
29.903846
27.767857
30.490196
27.767857
34.555556
31.1
31.1
34.555556
26.810345
26.355932
32.395833
31.734694
28.796296
32.395833
32.395833
32.395833
26.355932
26.355932
32.395833
29.339623
32.395833
29.339623
32.395833
32.395833
26.810345
26.355932
29.339623
32.395833
32.395833
31.734694
32.395833
32.395833
32.395833
26.355932
27.767857
30.490196
30.490196
25.491803
30.490196
36.162791
29.339623
26.355932
26.355932
27.280702
27.280702
33.804348
29.903846
33.085106
25.080645
27.280702
30.490196
33.804348
33.804348
33.085106
25.080645
33.085106
24.68254
26.810345
33.804348
30.490196
30.490196
33.085106
29.903846
33.085106
29.903846
27.280702
29.903846
27.767857
29.903846
30.490196
27.767857
25.080645
31.1
28.272727
25.916667
23.560606
31.1
28.272727
23.560606
30.490196
28.272727
28.272727
27.280702
29.339623
33.085106
27.280702
25.080645
29.903846
22.867647
33.085106
26.810345
25.916667
33.804348
33.804348
27.767857
27.280702
33.804348
26.355932
31.734694
35.340909
31.734694
31.734694
22.214286
26.810345
26.355932
32.395833
26.355932
29.339623
29.339623
26.355932
31.734694
28.272727
31.734694
33.085106
33.085106
32.395833
26.810345
29.339623
27.767857
27.767857
23.208955
29.903846
30.490196
27.767857
28.272727
29.339623
35.340909
23.923077
25.080645
30.490196
25.080645
25.080645
27.767857
30.490196
25.080645
30.490196
30.490196
22.536232
28.796296
28.796296
31.734694
31.734694
36.162791
29.903846
29.903846
27.280702
29.903846
29.903846
29.339623
24.68254
27.280702
29.903846
33.085106
32.395833
33.085106
36.162791
27.280702
33.085106
33.085106
24.68254
21.30137
29.339623
29.903846
22.867647
29.903846
29.903846
29.903846
33.085106
37.02381
26.810345
26.810345
26.810345
33.085106
29.903846
27.280702
33.085106
29.903846
26.810345
29.339623
33.085106
26.810345
24.68254
36.162791
22.867647
26.810345
32.395833
29.339623
36.162791
32.395833
36.162791
26.355932
26.810345
32.395833
32.395833
28.796296
29.339623
28.796296
26.355932
36.162791
26.355932
31.734694
32.395833
26.355932
36.162791
28.796296
29.339623
24.296875
29.339623
26.810345
29.339623
28.796296
25.080645
33.085106
26.810345
29.339623
33.085106
37.02381
32.395833
29.339623
33.085106
29.903846
33.085106
29.339623
29.903846
29.903846
29.903846
25.080645
33.085106
37.02381
29.903846
29.339623
29.339623
29.903846
29.339623
33.085106
33.085106
33.085106
33.085106
27.280702
28.796296
23.923077
26.355932
35.340909
35.340909
31.734694
28.272727
28.272727
35.340909
25.916667
28.796296
28.272727
27.280702
33.085106
30.490196
27.767857
27.280702
30.490196
27.767857
30.490196
29.903846
30.490196
27.280702
27.767857
33.804348
37.926829
25.080645
33.804348
30.490196
33.804348
30.490196
30.490196
30.490196
30.490196
25.080645
27.280702
27.767857
33.804348
27.280702
27.280702
30.490196
30.490196
29.903846
29.903846
30.490196
21.30137
20.194805
20.194805
18.963415
16.72043
15.867347
15.097087
13.177966
22.867647
21.30137
19.683544
19.683544
21.30137
22.867647
19.683544
19.935897
19.935897
18.73494
21.013514
18.73494
21.30137
19.683544
22.867647
17.47191
18.511905
22.867647
22.867647
19.683544
17.47191
16.542553
14.809524
18.511905
17.47191
18.73494
18.73494
18.511905
17.47191
19.683544
19.683544
18.511905
16.368421
16.368421
18.511905
17.47191
16.030928
20.460526
14.669811
18.081395
7.404762
9.841772
12.148438
5.418118
8.451087
10.506757
10.506757
12.148438
5.514184
5.418118
7.404762
11.268116
11.268116
14.009009
15.39604
13.290598
17.087912
18.294118
17.087912
17.087912
18.081395
18.081395
18.081395
18.081395
15.245098
15.39604
14.669811
14.669811
11.691729
13.883929
15.39604
19.4375
17.087912
18.081395
20.733333
19.197531
20.460526
13.883929
13.290598
18.294118
23.923077
16.197917
28.272727
28.796296
35.340909
31.734694
31.734694
28.796296
35.340909
31.734694
32.395833
26.355932
29.339623
28.796296
24.296875
22.214286
26.355932
31.734694
31.734694
31.734694
28.796296
28.796296
31.734694
25.080645
23.208955
25.491803
21.597222
27.767857
27.280702
30.490196
30.490196
25.080645
33.085106
29.903846
24.68254
25.080645
29.903846
33.085106
29.903846
29.903846
27.280702
29.903846
29.903846
29.903846
27.280702
33.085106
33.804348
29.903846
27.280702
29.903846
29.903846
33.085106
26.810345
29.903846
29.903846
29.903846
32.395833
26.810345
37.02381
29.903846
29.339623
22.867647
27.280702
27.280702
37.02381
33.085106
25.491803
30.490196
37.926829
34.555556
30.490196
25.491803
33.804348
27.767857
33.804348
30.490196
34.555556
30.490196
27.767857
30.490196
30.490196
25.491803
25.491803
28.272727
25.916667
28.272727
28.272727
31.1
27.767857
28.272727
35.340909
31.1
34.555556
28.272727
34.555556
30.490196
34.555556
34.555556
35.340909
34.555556
23.560606
25.916667
25.916667
31.1
28.272727
34.555556
31.734694
26.355932
32.395833
26.810345
29.903846
33.085106
29.903846
29.903846
25.080645
29.903846
28.272727
28.796296
26.355932
33.085106
26.810345
24.68254
29.903846
28.272727
28.796296
31.734694
31.734694
26.355932
36.162791
31.734694
26.355932
26.810345
24.68254
26.810345
29.339623
29.339623
29.339623
29.339623
36.162791
29.339623
29.339623
26.810345
36.162791
29.339623
29.339623
32.395833
32.395833
29.339623
36.162791
29.339623
26.810345
32.395833
29.339623
32.395833
30.490196
27.280702
30.490196
37.02381
33.804348
25.080645
30.490196
27.280702
29.903846
30.490196
25.080645
33.804348
37.926829
33.085106
30.490196
29.903846
29.903846
27.280702
30.490196
33.804348
29.903846
33.085106
27.280702
33.804348
37.926829
29.903846
29.903846
29.903846
27.280702
37.02381
37.926829
