9.992464910483369067e+01 1.309848966082813831e+03
1.032292098452836058e+02 1.209802217780204046e+03
9.149154579058104275e+01 1.449864355612064628e+03
1.155923338341664532e+02 1.036063082927188134e+03
1.019931300960496117e+02 1.270385872340691321e+03
9.851876162255334179e+01 1.287647898505215608e+03
1.144351859048790061e+02 1.198504908915053420e+03
3.906351942137209221e+01 1.639015213337175283e+03
9.431929915854915691e+01 1.304874666325877570e+03
1.017056826605296891e+02 1.211491823007856965e+03
1.540294573386719179e+01 1.070736715073707046e+03
3.278615597491942424e+01 1.634597020091254308e+03
1.194079610264117548e+02 1.078193226569076387e+03
4.172896938429347102e+01 1.773640124902109619e+03
3.769723206521480563e+01 1.697536334288945227e+03
1.045220015788597152e+02 1.280556791076888430e+03
9.901025441629991519e+01 1.290952409992632056e+03
9.469730619291624407e+01 1.446163781443811786e+03
5.536358730275242124e+01 1.713707912106685171e+03
9.943685995683935630e+01 1.249364891241365285e+03
1.082699244326502139e+02 1.104106734642389483e+03
5.193350656375697838e+01 1.778820504042046878e+03
3.381384908288741542e+01 1.670902631739750177e+03
4.051340543523651405e+01 1.736761527672218790e+03
4.671755060325763509e+01 1.691688608342618409e+03
4.092349421678493826e+01 1.724206921455798010e+03
1.046148978741146749e+02 1.231632906826563385e+03
9.299082039660352450e+01 1.401574213117031604e+03
9.459043981423707237e+01 1.364052792584752069e+03
1.038454209822158418e+02 1.162740241163302244e+03
4.828768000019164219e+01 1.839928690217555413e+03
9.721175158624652113e+01 1.318250497893096735e+03
4.866795038226414505e+01 1.796307914416909853e+03
4.718698446130831314e+01 1.760458617816544574e+03
1.152505142659068014e+02 1.059153759423909833e+03
1.170659957260508293e+02 1.003064836119569122e+03
1.061831235251523253e+02 1.179742354974675209e+03
1.144591573322029063e+02 1.120685228711798572e+03
9.368047542056307009e+01 1.412738632558616700e+03
4.653764893616370557e+01 1.810369436514453582e+03
3.685073452427770491e+01 1.569653226759968447e+03
1.051523746107689448e+02 1.275826576604526281e+03
2.985833307980217199e+01 1.537748786706956253e+03
9.635385368458648259e+01 1.350465307156795006e+03
1.030546863780709543e+02 1.107271440341622338e+03
5.438425313718160226e+01 1.590573775428336830e+03
4.457321546755729003e+01 1.647426670653935616e+03
4.701391281062947769e+01 1.640174784370839006e+03
9.781172110655826657e+01 1.292027921209681381e+03
4.697487155722844676e+01 1.766199758373041959e+03
9.684354612316437283e+01 1.297171559270092530e+03
1.053382755774101867e+02 1.241875655420932844e+03
3.815410643784415612e+01 1.706827421530195807e+03
4.752474981061682513e+01 1.833529341610434358e+03
9.267324915071472446e+01 1.305804966321834399e+03
4.799284399031147075e+01 1.759752861046025373e+03
3.623018071086883651e+01 1.706748443161687874e+03
1.046921695212781032e+02 1.256927855910258813e+03
1.119533222834295856e+02 9.959526424929174482e+02
1.094830731287572974e+02 1.236547142888407734e+03
4.640603508020462442e+01 1.770118219375375929e+03
1.035905235178384913e+02 1.343159399213671804e+03
8.483367750672930185e+01 1.439450530625359988e+03
4.247987038542001414e+01 1.730100961902132440e+03
9.528519809103219984e+01 1.318287466466587148e+03
1.070966195871314994e+02 1.223877549875902332e+03
9.298285466349260275e+01 1.327826150827344691e+03
4.581606811154839676e+01 1.755391400337271534e+03
4.967143236927849870e+01 1.807186433773836143e+03
1.014388874883372011e+02 1.272518712226213438e+03
9.824522516624529089e+01 1.313449605744027622e+03
3.691165517418532005e+01 1.646870539038723336e+03
3.658552254236158774e+01 1.657994748476033237e+03
9.364184383432782965e+01 1.469820208078411952e+03
1.126531841168450541e+02 1.204791463495898597e+03
4.693690170512743975e+01 1.705426514999648816e+03
3.631538859771534078e+01 1.748946171365455257e+03
4.077250336097558403e+01 1.788052608770936786e+03
4.942259205493989072e+01 1.730029275889690780e+03
1.081697044452502610e+02 1.112705973745263464e+03
9.887836524911305958e+01 1.291398147575222765e+03
1.133453323041212286e+02 1.074301215765679672e+03
3.866859521833957558e+01 1.783228198576840441e+03
1.099450298222815832e+02 1.206644365592704617e+03
4.400709058541237795e+01 1.741893913966124501e+03
4.532408090751498264e+01 1.757834972024148101e+03
2.966441413014872097e+01 1.546188196304818121e+03
3.422227121607235745e+01 1.592195473491733537e+03
9.438617838673731342e+01 1.346980827264273785e+03
1.132468392480994623e+02 1.147760997470034226e+03
3.068620443070124537e+01 1.497036015648100374e+03
4.926010470359065607e+01 1.702211407780614309e+03
5.139167176539585569e+01 1.698456823873839539e+03
3.517537807433416219e+01 1.713581876054462100e+03
9.303971015814116186e+01 1.384489809030412971e+03
3.342924927977387739e+01 1.559770187215401393e+03
1.020610214363004360e+02 1.199526077508989374e+03
4.403864988977250761e+01 1.745841810248910178e+03
7.087399444950762017e+01 1.723650929481669436e+03
9.841155477313061795e+01 1.301860398958344604e+03
4.838268559969728955e+01 1.812647811468656755e+03
1.093642430217595205e+02 1.054019828133501278e+03
4.158807161628889304e+01 1.724939442420701198e+03
1.081400524338097568e+02 1.204440634422851645e+03
9.091232322188025705e+01 1.431424127878120771e+03
1.013996973096268306e+02 1.256439417771033732e+03
2.864809663416760799e+01 1.460302282331967263e+03
5.714177692162373035e+01 1.677953474369969626e+03
4.169105502528250184e+01 1.713542129029492571e+03
3.051666483846874200e+01 1.624151345167491854e+03
3.101365605575322348e+01 1.646962134739944986e+03
1.018275121876326210e+02 1.277816268388974095e+03
2.609238438644689495e+01 1.459185193481657734e+03
9.394573993839121329e+01 1.366090459716267105e+03
3.452744755835215074e+01 1.648386627566401330e+03
9.565048753110795587e+01 1.467805511731725346e+03
1.053170175721432855e+02 1.270994897811649025e+03
9.711383874290284268e+01 1.250830533229178400e+03
4.781551225254693094e+01 1.743933690826919928e+03
9.288497244245337470e+01 1.332971240654095027e+03
1.056421686844661849e+02 1.188682920790757407e+03
5.099456249656763873e+01 1.810908249215507567e+03
3.745090888099147008e+01 1.637464163616077030e+03
3.382065966782532485e+01 1.538975514285232066e+03
1.013959069031698306e+02 1.227339866171478207e+03
3.712513194095181035e+01 1.616967481638357185e+03
1.013542513501449776e+02 1.317479737635642323e+03
8.834403201015427953e+01 1.510729176836026909e+03
1.065160952188948045e+02 1.210670368939604714e+03
1.008961336918632838e+02 1.245752551327820811e+03
3.106374964075441625e+01 1.498162297117052503e+03
1.053202078363688798e+02 1.208865562441511884e+03
9.936324153507423773e+01 1.252545961807885760e+03
9.735627522566913683e+01 1.341320997770075110e+03
9.639956556516919761e+01 1.268600379100105556e+03
5.593686129665334761e+01 1.624805673565339021e+03
1.078974597694031701e+02 1.145460894219954071e+03
3.995120461856276251e+01 1.729307826461071045e+03
3.217033265069863290e+01 1.633470766943830768e+03
5.332073619385250396e+01 1.710129535900890460e+03
9.753167944710054371e+01 1.350434736344882140e+03
1.057591679026748466e+02 1.202356589712390132e+03
1.093509180238903298e+02 1.097662316535803939e+03
8.878828996869769696e+01 1.464998754819351689e+03
9.523728463679921674e+01 1.281022917844161611e+03
4.444810378070835810e+01 1.740186510127846759e+03
1.005791873940316350e+02 1.177567472282583367e+03
8.440456373391984357e+01 1.408290566178568952e+03
9.894035418078047428e+01 1.360576345447423137e+03
5.266897195948637034e+01 1.697233912002970555e+03
9.890226408084033949e+01 1.263566684542624216e+03
3.649965786892693131e+01 1.797025437415600663e+03
3.758836349684274580e+01 1.655562979458780546e+03
5.273839020629557695e+01 1.646527762666214812e+03
9.813933943200342469e+01 1.343498190947845615e+03
9.577039115538283909e+01 1.360530099997153229e+03
1.280134297369662733e+01 8.736751621914422685e+02
4.566576993819529662e+01 1.788700750114349376e+03
1.709299308633079306e+01 1.209248244256722046e+03
1.068565724579426472e+02 1.192500687685505000e+03
9.604363106358660218e+01 1.373206592363127584e+03
2.211556585159832622e+01 1.356555050737376177e+03
2.670584641352191824e+01 1.575969256035140688e+03
9.536877034845770140e+01 1.369309619399195981e+03
9.915616338671932795e+01 1.316768401390685767e+03
4.696527373227774405e+01 1.753272670636345083e+03
9.349338821455171455e+01 1.319976727385812410e+03
5.629325172662543508e+01 1.796633427831915469e+03
3.295962856869857660e+01 1.517162097305990756e+03
4.098422655922490776e+01 1.730900913902508591e+03
1.089363054250757443e+02 1.174982801138601189e+03
9.352354379677142049e+01 1.332524888134542380e+03
9.508395773195228173e+01 1.429146466217166562e+03
3.657567214869398242e+01 1.673481403585713906e+03
3.118855040005216495e+01 1.507697278887063476e+03
9.490070238306903150e+01 1.341753773493446033e+03
4.125732748121416904e+01 1.735975824686450323e+03
5.745087070131241092e+01 1.670116159646941924e+03
3.835438208352726974e+01 1.763005296014722489e+03
3.563184715172206296e+01 1.588668645247073755e+03
1.034986086597459405e+02 1.246066354584557530e+03
5.036695933792277913e+01 1.789667726496267733e+03
1.072865746982130730e+02 1.182361497335155263e+03
1.025129709193884935e+02 1.210739307284386086e+03
5.679689380064270665e+01 1.816750721444208921e+03
9.815117450241453412e+01 1.291459461890676721e+03
1.062488008772806012e+02 1.165060078783950303e+03
1.036987460029243948e+02 1.151310835023022037e+03
9.473895581756964646e+01 1.219938864910121083e+03
2.812311877816986794e+01 1.464238824814278360e+03
1.124689438418597405e+02 1.112218814833760462e+03
1.079368698721466160e+02 1.239300384326919357e+03
4.373707780308975401e+01 1.736794045985130879e+03
1.013998746514967024e+02 1.226764290373346512e+03
3.715373811989471164e+01 1.701531017230068528e+03
9.980610745152731056e+01 1.266445630467892215e+03
3.095092354378969191e+01 1.525561275066696680e+03
3.504159631308332479e+01 1.645275603341556689e+03
1.025953495556597943e+02 1.244802723650903772e+03
1.157321994294389498e+02 1.017684254573732233e+03
